CALCA4	36,40,32	CACTCAC,CTCTCAC,CACAGAT	-0.977657311159806,-1.36723694226019,-5.82701073322806	-9.92574485239238,-10.1873247605935,-10.2134268433609	-10.9034021635522,-11.5545617028536,-16.0404375765889
CALCA3	23,26,19	TACTGTC,TGGTACT,GTCTGGT	-4.27627617472841,-5.56371833925463,-7.44849904659574	-10.1080050281654,-10.9180488833317,-9.11403572113652	-14.3842812028938,-16.4817672225864,-16.5625347677323
CSH11	19,28,36	CATTGCC,GGCTCCC,TCCTCTC	-4.92122591919469,-4.95551020318439,-5.88324900144094	-10.610111216264,-10.9126811834203,-10.4251274470823	-15.5313371354587,-15.8681913866047,-16.3083764485232
DQB13	21,19,17	CACAGAC,CAGACAC,GACACTC	-5.60473038427528,-8.05624539712402,-11.2660946442983	-13.045902387266,-12.1034087442528,-11.2470417392094	-18.6506327715412,-20.1596541413768,-22.5131363835077
GH11	19,28,22	TGTTGCC,GGCTCCC,CTCTGTT	-5.11070994336286,-4.95551020318439,-5.13539268422306	-9.0754738054983,-9.61709792676469,-9.50120959055648	-14.1861837488612,-14.5726081299491,-14.6366022747795
GH14	41,22,24	CAGTACC,CTCTCCT,GCCTCTC	-5.15195396613368,-5.07025866749791,-6.19087649301242	-10.0152910174325,-10.3117675133089,-9.75911540503147	-15.1672449835662,-15.3820261808068,-15.9499918980439
HBB1	37,47,27	CACTGAC,TTCTGAT,CTCTGCC	0.0499016412816671,-0.314701809330014,-3.82041936610365	-10.2664433432319,-11.9006526053339,-10.6821421897542	-10.2165417019503,-12.2153544146639,-14.5025615558578
HBE11	19,31,50	ATCTGAT,CTCTAAT,TCCTCAA	-0.63452233064462,-0.85911650949465,-3.09817081820829	-12.233310012346,-12.8264654101815,-10.8135901819622	-12.8678323429906,-13.6855819196761,-13.9117610001705
HBG11	30,24,26	TTCTGAC,CTGTCAA,GACTGTC	-0.0924214603772313,-4.57954916488636,-4.58390366629989	-12.6508058078138,-11.8567179741605,-12.04355344979	-12.743227268191,-16.4362671390469,-16.6274571160899
MYH105	31,41,34	TGCTAAC,GACTCAA,ACTTGCT	-0.436740553609649,-2.82638443550871,-5.79548413429166	-11.3789739717145,-11.2455517384785,-11.5127104891343	-11.8157145253242,-14.0719361739872,-17.308194623426
XPC3	24,17,30	TACTGAT,TTTTAAA,TACTATT	0.0748778217703689,-3.66832197751072,-4.79571469440434	-12.6298548534141,-12.699654879832,-11.7971837138002	-12.5549770316438,-16.3679768573428,-16.5928984082046
ACTB3	24,33,22	GTGTGAC,GCTTCCC,GTGACAT	-1.82400501235597,-6.58856970803722,-8.72847633930717	-11.7374715007643,-13.3237587073234,-11.4689943019181	-13.5614765131203,-19.9123284153606,-20.1974706412253
CCT34	21,26,17	AATTCAC,GTGTGAA,CACTAGT	-2.54060748722435,-3.61236117457488,-7.29570662408851	-13.3125170966977,-14.5263881594019,-11.9164353402508	-15.853124583922,-18.1387493339767,-19.2121419643393
CCT311	24,18,40	GCTTCAT,TACTGTC,GAGTCAT	-3.33010868070506,-4.27627617472841,-2.68426468264984	-9.17345552965967,-9.15345165714539,-11.5705847361388	-12.5035642103647,-13.4297278318738,-14.2548494187886
EEF1A12	20,28,17	AAGTAAC,TAGTAAC,TAACGAC	-1.74377658172187,-1.42395606040726,-7.10789946624395	-12.3950489272752,-13.7533167168298,-12.4465558774101	-14.1388255089971,-15.177272777237,-19.554455343654
EEF1A11	23,21,22	GGTTCAA,TTCAAAG,GTTCAAA	-4.75351117330978,-8.31856774764456,-9.90856309960853	-8.60581152213954,-8.30234357273847,-8.24383536001061	-13.3593226954493,-16.620911320383,-18.1523984596191
ENO12	33,25,22	TTCTGAA,TGCTACT,TACTACA	-1.88077762259614,-4.13976227884737,-5.26909753850385	-10.3506841071645,-8.5900830483903,-8.52407034661009	-12.2314617297606,-12.7298453272377,-13.7931678851139
ENO14	21,40,28	CCCTCAT,AGATAAG,CCCCAAC	-1.77935153438365,-4.50336117235226,-6.75928403423888	-9.30504294166857,-10.1628465828338,-9.26685298507985	-11.0843944760522,-14.6662077551861,-16.0261370193187
ENO15	32,27,39	AAATGAC,ACTTCAT,GAATCAG	-1.49510635703222,-3.34230171044819,-4.7848283707178	-10.7418206710836,-10.7281185010888,-11.2065144275027	-12.2369270281158,-14.070420211537,-15.9913427982205
ENO16	28,23,20	CAGTGCC,CCATGCT,TGCTTCT	-4.85479579541053,-5.70497796466788,-6.80936727623141	-8.77560828427805,-8.87916136039796,-9.09731266956512	-13.6304040796886,-14.5841393250658,-15.9066799457965
ENO17	60,37,17	TGTTGAA,ACCTACC,TGTTGTC	-3.41832472929683,-4.3799757718706,-6.20340291252948	-11.5118654706475,-11.0965453571137,-9.41179485097689	-14.9301901999443,-15.4765211289843,-15.6151977635064
ENO111	46,53,18	GTCTGAC,ACTTGAG,TCTTTAC	-0.400048951948709,-4.36681850004117,-4.73940505584652	-7.7878169702509,-7.92293071376164,-8.62538915577527	-8.18786592219961,-12.2897492138028,-13.3647942116218
G22P11	28,18,20	GACAAAC,TTCTTCC,TTTTCTT	-5.96225951712843,-6.53992600476936,-7.40608129141447	-8.19865540943243,-8.49085861689843,-8.45427886400808	-14.1609149265609,-15.0307846216678,-15.8603601554226
G22P18	26,31,19	AAATCAA,AAGTCAA,AGAAAAT	-4.31102147169261,-4.2625335256591,-8.10591745587476	-10.2060938459902,-12.1155255291581,-8.64317885915728	-14.5171153176828,-16.3780590548172,-16.749096315032
G22P110	33,37,21	GACTCAC,TCGTGAC,CACTCTT	-1.0380282732898,-1.70621176395517,-5.77337200556415	-10.3508583897945,-11.2470641981505,-9.35996889480995	-11.3888866630843,-12.9532759621057,-15.1333409003741
HSPA81	23,17,22	TTTTAAA,ACCAGAT,TTTAAAC	-3.66832197751072,-6.47898859937224,-7.53459784084875	-8.89277039218352,-6.79938197806226,-8.15989755063825	-12.5610923696942,-13.2783705774345,-15.694495391487
HSPCB6	18,31,46	CACTTAT,TTTTGAA,GGCTAAA	-3.13914187577831,-3.37116380678757,-2.53272420740004	-8.45362535281744,-10.2416503201508,-11.5103323167966	-11.5927672285958,-13.6128141269384,-14.0430565241966
HSPCB10	22,28,30	ATCTAAG,ATGTCAA,TAATGTC	-2.98375624340222,-4.65211315675948,-5.74872018116918	-12.7083421075799,-14.0209338106354,-14.3834454000457	-15.6920983509821,-18.6730469673949,-20.1321655812149
HSPCB1	18,22,19	AATTAAT,TTGTAAT,TAATTAA	-2.03248705445881,-2.03581604046043,-5.93040516604373	-10.6377330058757,-12.7867489586903,-11.1942287100499	-12.6702200603345,-14.8225649991507,-17.1246338760937
LDHB2	22,19,31	TTCTAAT,TAATGCC,GGCTTAG	-0.611859980053166,-4.65602721200256,-5.6883291335524	-11.2959637437251,-12.1234559595061,-12.1103408592658	-11.9078237237783,-16.7794831715087,-17.7986699928182
PGK11	28,25,33	AGTTGAT,TGATCAT,CAGTAAG	-2.17206943734531,-2.86186569072152,-3.94556868083598	-10.0029283532404,-9.44074630478501,-10.948317244047	-12.1749977905858,-12.3026119955065,-14.893885924883
PGK12	35,30,48	GAGTAAC,ACTTCAT,CACTAAT	-1.73158355197874,-3.34230171044819,-0.469536878394267	-9.34156161786514,-9.39090755147134,-12.462327171054	-11.0731451698439,-12.7332092619195,-12.9318640494482
PGK14	29,19,27	CCATCAC,TTCTGTT,ATCACAT	-3.02951519187164,-4.88813615478158,-7.31671330864304	-7.50927378389306,-8.05743243776377,-7.451053384453	-10.5387889757647,-12.9455685925453,-14.767766693096
PGK15	21,32,17	ATCTGAA,GATTGAC,GAATGTC	-2.20059814391075,-1.50085550503975,-6.05634767274066	-10.0339534882429,-11.7638367325098,-9.97585634804455	-12.2345516321537,-13.2646922375495,-16.0322040207852
PGK16	20,23,27	TGATGAT,AAGTGAT,CTTTAAG	-1.83430673828005,-1.6688987599515,-4.40157843572052	-8.80513702463592,-9.11366429490737,-9.85821194692265	-10.639443762916,-10.7825630548589,-14.2597903826432
PGK18	27,34,19	AGCTCAT,TCTTGAT,TTCTCTT	-1.70924220559536,-1.99492223669211,-5.91569510722305	-10.0790255004379,-10.2158154083362,-11.7400679401525	-11.7882677060333,-12.2107376450284,-17.6557630473755
PGK110	35,29,32	TAGTAAT,TGCTGTC,TAATGCT	-1.64623640936004,-4.71301672833806,-4.87830756095534	-12.605742177129,-12.5146796098774,-12.5852647630263	-14.2519785864891,-17.2276963382155,-17.4635723239817
PKM22	31,35,57	AATTAAT,GAATAAT,ACTTAAA	-2.03248705445881,-2.00235184696503,-4.177976741996	-12.0186861630939,-12.1557139668154,-10.8207486913176	-14.0511732175528,-14.1580658137804,-14.9987254333136
PKM23	21,23,18	TTGTCAT,GCTTGTC,TCATCTT	-2.76621682217875,-6.65370372476237,-7.5779733568345	-7.82567538827539,-7.84060742116981,-7.95206163294432	-10.5918922104541,-14.4943111459322,-15.5300349897788
PKM24	19,22,34	TCTTGCT,GACTCTT,GTCTCCA	-5.47566361297705,-5.83374296769414,-6.69670544289403	-9.68159871586564,-10.1749757882769,-10.9268858025402	-15.1572623288427,-16.0087187559711,-17.6235912454343
PKM25	48,28,19	TGTTGAC,CTCTGCC,CCCTACT	-1.62996856707792,-3.82041936610365,-4.52969212895026	-10.7471968880547,-10.8402319207715,-10.2626717628034	-12.3771654551326,-14.6606512868752,-14.7923638917537
PKM26	29,56,38	ATATAAC,TACTGCC,CTCTGTT	-2.18184415885576,-3.18358320556179,-5.13539268422306	-10.0184022942048,-12.1373510682742,-10.4572667275864	-12.2002464530606,-15.320934273836,-15.5926594118095
PKM28	50,39,37	CTCTGAC,CTCTGTC,CTGTCCC	-0.339677989818716,-4.91311233527028,-6.27193437895239	-10.7102111587186,-12.2525992408195,-12.2911708986592	-11.0498891485373,-17.1657115760898,-18.5631052776115
PKM210	25,21,29	TACTCAC,CACCAAC,CTTTTAC	-0.730400781718322,-6.17987015996782,-4.79682734211733	-8.64646100668452,-7.83670251852737,-9.48742330949437	-9.37686178840285,-14.0165726784952,-14.2842506516117
PSMB44	40,44,29	TATTCAG,CTGTTAT,ATATCCC	-4.49514305689698,-4.95267756728595,-6.39298631685902	-11.1676659815795,-12.134867734283,-10.9773624993527	-15.6628090384764,-17.087545301569,-17.3703488162117
RPL134	21,22,37	ACTTAAC,CACTTAA,CAGTGCG	-2.38962057977709,-4.70521768904444,-7.12915188639777	-11.9979831912059,-11.6097065509195,-11.2580972227979	-14.387603770983,-16.3149242399639,-18.3872491091956
RPL135	22,63,19	GTTTAAC,TCCTGAC,TAACAAC	-2.18759330686328,-0.282255703547909,-7.40505763696711	-8.75273262677948,-11.017562688244,-8.12443209672479	-10.9403259336428,-11.2998183917919,-15.5294897336919
RPL13A1	26,22,32	CTCTGAG,GAGTCCT,CCTTGTC	-2.61403408080595,-6.16500605893478,-6.59333276263238	-9.44640983804204,-9.7936289830734,-10.8926300912717	-12.060443918848,-15.9586350420082,-17.485962853904
RPL32	21,17,30	GTCTGAC,GACTACT,TCCTGCC	-0.400048951948709,-4.0106492168092,-3.76299707983285	-8.90241797135934,-8.38669763918012,-11.43512370403	-9.30246692330805,-12.3973468559893,-15.1981207838629
RPL34	22,17,28	AGCTGAG,AGCTGTG,AGCTGGA	-2.73375899518834,-7.3071933406399,-9.07392881211426	-10.5346736391499,-9.96199411697454,-12.229354869762	-13.2684326343382,-17.2691874576144,-21.3032836818763
RPL35	17,22,27	AAGTAAT,AGGTGAA,CGCTGAG	-1.96605693067465,-3.67171512682728,-2.66119500331522	-12.820924809604,-13.1721818278233,-14.574531940715	-14.7869817402786,-16.8438969546506,-17.2357269440302
RPL36	21,34,31	GCCTTAC,CCCTAAT,TAATGCC	-3.55664636322658,-1.04895075266533,-4.65602721200256	-10.0036377374175,-12.7996287358445,-11.9517899469476	-13.560284100644,-13.8485794885098,-16.6078171589501
RPL84	20,24,25	CCCTGAG,GGTTCCC,GGGTTCC	-2.80386832397663,-6.44589638737581,-8.31867047925737	-12.8648612258111,-13.9809687991704,-14.1814066024085	-15.6687295497877,-20.4268651865462,-22.5000770816659
SLC25A32	30,47,42	TATTAAA,CAGTAAC,ACATGAG	-3.27874234641033,-1.67121258984874,-4.34887632229052	-11.2391439339384,-13.2985744658306,-11.8507453189184	-14.5178862803488,-14.9697870556794,-16.1996216412089
SNRPB1	24,17,21	GTCTCAT,CCCTGTC,TCATCCC	-1.64988825334297,-5.10294657844095,-6.26300003871509	-9.69843416084696,-9.60971182821807,-9.63465941096594	-11.3483224141899,-14.712658406659,-15.897659449681
SNRPB2	34,51,45	CTCTAAC,AGGTGAA,ACTTTAC	-0.636836160541868,-3.67171512682728,-5.05922557716113	-9.65701649724484,-10.5805074369899,-10.1981219414919	-10.2938526577867,-14.2522225638172,-15.257347518653
SNRPB3	24,22,17	GCATCAG,ATCAGAG,AGCATAT	-5.36424224498886,-8.34123009823602,-9.30307844681803	-9.60939934694997,-8.79819475579533,-8.51275238894407	-14.9736415919388,-17.1394248540313,-17.8158308357621
SNRPB4	25,30,38	TTCTAAC,TACTCTT,TTGTACT	-0.389579631100383,-5.52611547612267,-5.51655741674536	-9.59486373555235,-9.64108668485147,-9.6945708778517	-9.98444336665273,-15.1672021609741,-15.2111282945971
SNRPB6	25,21,33	CACTGAC,GACTAAA,AGATCAG	0.0499016412816671,-2.09598365379039,-5.23376195407058	-11.2979499708548,-11.1395451483081,-12.7257201787008	-11.2480483295731,-13.2355288020984,-17.9594821327714
UBB1	28,20,33	AGGTGAC,CGCTTAT,TCCTGAG	-1.88335896460836,-3.57588242938796,-2.55661179453514	-10.643040147151,-10.5135131782724,-11.6992825583176	-12.5263991117594,-14.0893956076603,-14.2558943528528
COL5A132	23,27,18	GACTGAC,GAGTGAC,ACCAGCC	-0.0104693208483253,-1.43442538125559,-9.7374496267044	-10.8461633287528,-12.2818719374715,-10.5885961725468	-10.8566326496011,-13.7162973187271,-20.3260457992512
FBN230	24,19,27	TACTAAG,AGATATT,ACATACT	-2.27435609098723,-7.02471977576937,-6.07470012726416	-13.2868121633964,-12.7520630009392,-14.1201506570585	-15.5611682543837,-19.7767827767085,-20.1948507843227
GH13	18,21,24	CAATGCC,AGCCAAT,CACAGCC	-4.90328374144404,-6.91145505440337,-9.08547176056022	-10.0636909466167,-10.4301724506552,-11.3571141978037	-14.9669746880608,-17.3416275050586,-20.4425859583639
ITGB431	17,21,32	GGCTCAC,CCCTGGC,AGCAGCC	-1.47476882689945,-7.35568197868364,-9.59477630604299	-10.5687534212763,-10.3041320772205,-11.569475220845	-12.0435222481757,-17.6598140559041,-21.164251526888
LCAT4	20,25,35	CCCTGAC,AGCTGCC,CCCAGAC	-0.529512232989394,-3.94014428048604,-6.18414425854634	-12.0390370434586,-11.6063917603376,-12.5260479363991	-12.568549276448,-15.5465360408236,-18.7101921949454
LDLR9	25,22,41	CGCTGAT,TGATGCC,AGATGAG	-0.609119261280765,-5.09276776561221,-4.20620300162911	-8.79611518122936,-9.00177137629021,-11.163767353755	-9.40523444251013,-14.0945391419024,-15.3699703553841
NPC16	28,25,41	CACTAAT,TAATGCT,CTGTGAT	-0.469536878394267,-4.87830756095534,-1.98591439917876	-9.11731821624192,-9.09101008369325,-12.236550726208	-9.58685509463619,-13.9693176446486,-14.2224651253867
PMM27	23,18,39	CCTTCAT,ATCTGTA,GACAGAC	-3.26973771857507,-6.77403248936231,-5.66510134640527	-11.5233718605443,-10.4958117106517,-13.5888068463276	-14.7931095791194,-17.269844200014,-19.2539081927329
TH11	22,19,33	GGCTGAT,TGATGCT,AGCTGTC	-0.669490223410757,-5.31504811456499,-5.03283724965266	-11.991136155596,-11.9249698836447,-12.7787699442961	-12.6606263790068,-17.2400179982097,-17.8116071939488
TSC238	18,23,44	GCGTGAC,GCCTGGC,GTGTGGC	-2.01383925552665,-7.41605294081363,-8.65017475805022	-14.7644220401861,-14.8691914779364,-15.716895805817	-16.7782612957127,-22.2852444187501,-24.3670705638672
XRCC69	26,31,19	AAATCAA,AAGTCAA,AGAAAAT	-4.31102147169261,-4.2625335256591,-8.10591745587476	-10.2060938459902,-12.1155255291581,-8.64317885915728	-14.5171153176828,-16.3780590548172,-16.749096315032
MBNL16	141,84,144	CGATGAT,CCATGAT,TTCCGAT	-2.08156326772154,-2.22423658838295,-6.24731543985635	-8.12789703675878,-11.5430292711651,-7.53366453647213	-10.2094603044803,-13.767265859548,-13.7809799763285
MBNL18	64,110,51	GTGTGAT,TAATAAC,TTTTAAT	-2.04628536130875,-1.47244400644077,-2.10224616424459	-9.02565570054896,-9.80982866218925,-9.97525115895259	-11.0719410618577,-11.28227266863,-12.0774973231972
MBNL19	229,235,197	TGGTAAC,ATTTGAT,CTTTCAT	-1.86069661401691,-2.12490851483604,-3.07990347540439	-7.2562029847084,-9.61501491953919,-9.82800986822978	-9.11689959872531,-11.7399234343752,-12.9079133436342
CLK14	224,229,154	ATCTGAA,ATCTTAT,GACTGAA	-2.20059814391075,-3.60128549875181,-1.79882548306724	-9.40182687605745,-10.2440150744443,-12.7078822237423	-11.6024250199682,-13.8453005731961,-14.5067077068095
CLK34	100,74,196	TCCTCAC,GACTGAC,TCTTGAC	-1.30981465598938,-0.0104693208483253,-1.77264188773933	-11.9285029909897,-13.7152741604049,-13.0019840672885	-13.2383176469791,-13.7257434812533,-14.7746259550278
HTR43	143,70,151	ATGTGAC,TCTTGAT,CACTAAG	-1.8361980420991,-1.99492223669211,-2.52161262042872	-6.91331222862203,-7.96964221638922,-8.02559394670748	-8.74951027072113,-9.96456445308133,-10.5472065671362
HTR44	267,72,270	TAATCAC,CTCTCAT,ATATAAT	-2.20284478815909,-1.58951729121297,-2.40412450780854	-6.77975902542479,-7.7881994775862,-6.97709643913918	-8.98260381358389,-9.37771676879917,-9.38122094694772
HTR45	213,89,57	TGCTGAT,TTCTCAC,TTTTCAC	-0.36186273183928,-1.1199804128187,-2.61036659701013	-7.3679367852882,-8.29308422618681,-7.91269860217753	-7.72979951712748,-9.41306463900552,-10.5230651991877
HTR4g	86,89,98	TACTAAT,GTCTACT,AGATCAT	-0.222280348952782,-4.40022884790958,-3.18168621203613	-6.37488275168252,-6.73570586345184,-9.56666917000963	-6.5971631006353,-11.1359347113614,-12.7483553820458
HBA21	19,54,31	CCCTCAC,CCCTCAA,CCCAAAC	-1.55707118543087,-3.34542734764978,-6.48130242926949	-9.13332280413608,-12.5180947741748,-9.65589580281645	-10.6903939895669,-15.8635221218245,-16.1371982320859
HBA22	18,36,22	CACTGAC,GGCTGCG,GCCGCAC	0.0499016412816671,-6.20230734173015,-8.75174006234392	-9.60263372673079,-12.1993667534337,-9.89077701055217	-9.55273208544912,-18.4016740951639,-18.6425170728961
ALDOA8	39,24,48	AGGTCAT,TCTTAAT,GGGTGCT	-3.13319826600262,-2.29208040741526,-5.57418766010295	-11.3205437157034,-12.7612373146558,-11.3853780400966	-14.453741981706,-15.053317722071,-16.9595657001996
PTBP110	351,51,260	TACTGAC,CCTTGAC,AACTGAC	0.297158170723152,-2.01989841718082,-0.0226623505914541	-7.55576797312005,-9.0478928638726,-11.2850414050501	-7.25860980239689,-11.0677912810534,-11.3077037556415
SPEF11	166,81,160	CACTAAT,GCCTGAT,TCTTAAT	-0.469536878394267,-0.812163544072169,-2.29208040741526	-9.04166787258958,-8.86167238082793,-8.45945331587326	-9.51120475098385,-9.6738359249001,-10.7515337232885
GABBR117	275,161,191	CACTGAC,TTTTGAT,TCCTTAT	0.0499016412816671,-1.80508799352144,-3.47129922060788	-7.3306815189393,-9.72894701069031,-8.66868789009138	-7.28077987765763,-11.5340350042117,-12.1399871106993
HSP90AB11	18,22,19	AATTAAT,TTGTAAT,TAATTAA	-2.03248705445881,-2.03581604046043,-5.93040516604373	-10.6377330058757,-12.7867489586903,-11.1942287100499	-12.6702200603345,-14.8225649991507,-17.1246338760937
HSP90AB110	22,28,30	ATCTAAG,ATGTCAA,TAATGTC	-2.98375624340222,-4.65211315675948,-5.74872018116918	-12.7083421075799,-14.0209338106354,-14.3834454000457	-15.6920983509821,-18.6730469673949,-20.1321655812149
